$ 1 0.0005 10.2 50 10 50 5e-11
v 32 304 32 48 0 0 40 9 0 0 0.5
w 32 48 112 48 0
w 112 48 208 48 0
w 208 48 288 48 0
w 288 48 384 48 0
r 112 48 112 112 0 470
162 112 112 112 176 2 default-led 1 0 0 0.01
r 384 48 384 112 0 470
162 384 112 384 176 2 default-led 0 0.3 1 0.01
r 208 48 208 176 0 47000
r 288 48 288 176 0 47000
c 112 176 208 176 0 0.00001 3
c 384 176 288 176 0 0.00001 -0.5
w 208 176 288 256 0
w 288 176 208 256 0
t 208 256 112 256 0 1 0 0 200
t 288 256 384 256 0 1 0 0 200
w 112 176 112 240 0
w 384 176 384 240 0
w 112 272 112 304 0
w 384 272 384 304 0
w 32 304 112 304 0
w 112 304 384 304 0
x 44 210 110 213 4 14 9 V
x 124 92 180 95 4 14 R1
x 124 150 180 153 4 14 LED1
x 396 92 452 95 4 14 R4
x 396 150 452 153 4 14 LED2
x 216 116 270 119 4 14 R2
x 296 116 350 119 4 14 R3
x 140 204 200 207 4 14 C1
x 316 204 376 207 4 14 C2
x 56 284 100 287 4 14 Q1
x 396 284 440 287 4 14 Q2
x 32 350 520 353 4 14 {{Die Kondensatoren laden sich abwechselnd auf – die LEDs blinken im Wechsel.|The capacitors charge in turn – the LEDs flash alternately.}}
