$ 1 0.0005 10.2 50 10 50 5e-11
v 32 304 32 48 0 0 40 9 0 0 0.5
w 32 48 112 48 0
w 112 48 208 48 0
w 208 48 288 48 0
w 288 48 384 48 0
162 112 48 112 112 2 default-led 1 0 0 0.01
r 112 112 112 176 0 470
162 384 48 384 112 2 default-led 0 1 0 0.01
r 384 112 384 176 0 470
r 208 48 208 176 0 47000
r 288 48 288 176 0 47000
c 112 176 208 176 0 0.000022 3
c 384 176 288 176 0 0.000022 -0.5
w 208 176 288 256 0
w 288 176 208 256 0
t 208 256 112 256 0 1 0 0 100
t 288 256 384 256 0 1 0 0 100
w 112 176 112 240 0
w 384 176 384 240 0
w 112 272 112 304 0
w 384 272 384 304 0
w 32 304 112 304 0
w 112 304 384 304 0
g 32 304 32 320 0
x 50 284 100 287 4 14 BC547
x 396 284 446 287 4 14 BC547
x 122 84 180 87 4 14 rot
x 394 84 452 87 4 14 grün
x 32 360 480 363 4 14 DiesLEDssblinkensimsWechsels-swieseinsBlaulicht!
