$ 1 0.000015625 1000 50 10 50 5e-11
v 32 300 32 32 0 0 40 9 0 0 0.5
g 32 300 32 316 0
w 32 32 112 32 0
w 112 32 240 32 0
w 240 32 304 32 0
w 240 32 240 64 0
w 304 32 304 128 0
r 112 32 112 128 0 1000
w 112 128 176 128 0
165 176 96 192 96 6 0
g 272 256 272 272 0
w 176 192 160 192 0
w 160 192 160 224 0
w 176 224 160 224 0
w 160 224 64 224 0
w 64 224 64 496 0
c 64 496 64 544 0 1e-7 0
g 64 544 64 560 0
w 112 128 112 352 0
w 304 160 400 160 0
r 400 160 400 240 0 1000
g 400 240 400 256 0
211 400 160 464 160 0 1 8000 1
x 412 216 520 219 4 14 {{Piezo-Summer|Piezo buzzer}}
x 120 80 170 83 4 14 R1 1k
x 72 474 120 477 4 14 C1
x 128 584 640 587 4 14 {{Klick eine Taste an, dann auf ▶ Audio abspielen. Wieder anklicken = aus.|Click a key on, then ▶ Play Audio. Click again = off.}}
w 64 496 112 496 0
r 112 352 112 432 0 27000
s 112 432 112 496 0 1 false
x 120 466 172 469 4 18 C
x 120 396 172 399 4 12 27k
w 112 352 192 352 0
w 112 496 192 496 0
r 192 352 192 432 0 24000
s 192 432 192 496 0 1 false
x 200 466 252 469 4 18 D
x 200 396 252 399 4 12 24k
w 192 352 272 352 0
w 192 496 272 496 0
r 272 352 272 432 0 22000
s 272 432 272 496 0 1 false
x 280 466 332 469 4 18 E
x 280 396 332 399 4 12 22k
w 272 352 352 352 0
w 272 496 352 496 0
r 352 352 352 432 0 20000
s 352 432 352 496 0 1 false
x 360 466 412 469 4 18 F
x 360 396 412 399 4 12 20k
w 352 352 432 352 0
w 352 496 432 496 0
r 432 352 432 432 0 18000
s 432 432 432 496 0 1 false
x 440 466 492 469 4 18 G
x 440 396 492 399 4 12 18k
w 432 352 512 352 0
w 432 496 512 496 0
r 512 352 512 432 0 16000
s 512 432 512 496 0 1 false
x 520 466 572 469 4 18 A
x 520 396 572 399 4 12 16k
