$ 1 5e-9 10.2 52 5 50 5e-11
T 288 192 336 224 6 4.0000000000000003e-7 6 0 0 0.999
t 336 256 368 256 0 1 0 0 200
w 368 224 368 240 0
r 288 192 288 160 0 1000
w 288 224 288 256 0
w 288 256 336 256 0
w 368 272 368 288 0
w 368 288 224 288 0
w 288 160 192 160 0
v 192 288 192 160 0 0 40 1.2 0 0 0.5
w 192 288 224 288 0
w 288 160 336 160 0
w 336 160 336 192 0
w 336 224 368 224 0
w 368 224 448 224 0
162 448 224 448 288 1 3 1 1 1 0.01
w 448 288 368 288 0
x 84 230 180 233 4 16 {{1,2 V („leer“)|1.2 V ("empty")}}
x 300 140 360 143 4 14 R1\s1k
x 250 210 280 213 4 14 L1
x 380 260 420 263 4 14 Q1
x 460 262 520 265 4 14 LED1
x 112 344 600 347 4 14 {{Die Spule gibt bei jedem Ausschalten einen Spannungsstoß ab – genug für die weiße LED.|At every switch-off the coil gives a voltage kick – enough for the white LED.}}
