$ 1 0.0001 50 50 10 50 5e-11
v 32 400 32 32 0 0 40 9 0 0 0.5
g 32 400 32 416 0
w 32 32 112 32 0
w 112 32 240 32 0
w 240 32 304 32 0
w 240 32 240 64 0
r 112 32 112 128 0 1000
w 112 128 176 128 0
r 112 128 112 192 0 4700
w 112 192 176 192 0
w 112 192 112 224 0
w 112 224 176 224 0
c 112 224 112 320 0 0.00001 0
g 112 320 112 336 0
165 176 96 192 96 6 0
g 272 256 272 272 0
s 304 32 304 96 0 1 true
w 304 96 304 128 0
w 304 128 352 128 0
r 352 128 352 208 0 10000
g 352 208 352 224 0
w 304 160 400 160 0
w 400 160 400 224 0
w 400 224 432 224 0
163 432 192 448 192 6 10 0 0 0 0 0 0 0 0 0 0 0 0 0
g 752 256 752 272 0
g 496 256 496 272 0
w 752 96 800 96 0
r 800 96 800 176 0 1000
g 800 176 800 192 0
x 316 64 460 67 4 14 {{S1 halten = drehen!|Hold S1 = spin!}}
x 120 84 170 87 4 14 R1
x 120 166 170 169 4 14 R2
x 120 280 170 283 4 14 C1
x 364 174 410 177 4 14 R3
x 812 140 860 143 4 14 R4
x 520 300 720 303 4 14 {{Zähler CD4017|Counter CD4017}}
162 464 160 464 96 2 default-led 1 0 0 0.01
x 459 84 474 87 4 16 0
w 464 96 496 96 0
162 496 160 496 96 2 default-led 1 0.5 0 0.01
x 491 84 506 87 4 16 1
w 496 96 528 96 0
162 528 160 528 96 2 default-led 1 1 0 0.01
x 523 84 538 87 4 16 2
w 528 96 560 96 0
162 560 160 560 96 2 default-led 0 1 0 0.01
x 555 84 570 87 4 16 3
w 560 96 592 96 0
162 592 160 592 96 2 default-led 0 1 1 0.01
x 587 84 602 87 4 16 4
w 592 96 624 96 0
162 624 160 624 96 2 default-led 0 0.3 1 0.01
x 619 84 634 87 4 16 5
w 624 96 656 96 0
162 656 160 656 96 2 default-led 0.6 0 1 0.01
x 651 84 666 87 4 16 6
w 656 96 688 96 0
162 688 160 688 96 2 default-led 1 0 0.6 0.01
x 683 84 698 87 4 16 7
w 688 96 720 96 0
162 720 160 720 96 2 default-led 1 1 1 0.01
x 715 84 730 87 4 16 8
w 720 96 752 96 0
162 752 160 752 96 2 default-led 1 0.2 0.2 0.01
x 747 84 762 87 4 16 9
