$ 1 0.000005 10.2 50 10 50 5e-11
v 48 336 48 64 0 0 40 9 0 0 0.5
w 48 64 160 64 0
w 160 64 320 64 0
374 160 64 160 192 0 0.05 {{Helligkeit|Brightness}}
r 160 192 160 336 0 4700
w 160 192 256 192 0
t 256 192 320 192 0 1 0 0 200
r 320 64 320 112 0 470
162 320 112 320 176 2 default-led 1 0 0 0.01
w 320 208 320 336 0
w 48 336 160 336 0
w 160 336 320 336 0
x 64 222 140 225 4 16 {{9-V-Batterie|9 V battery}}
x 176 132 230 135 4 16 LDR1
x 176 282 230 285 4 16 R1 4,7k
x 336 148 420 151 4 16 LED1
x 336 200 420 203 4 16 Q1\sBC547
