$ 1 0.000005 10.2 50 10 50 5e-11
v 48 336 48 64 0 0 40 9 0 0 0.5
w 48 64 160 64 0
w 160 64 320 64 0
r 160 64 160 192 0 100000
374 160 192 160 336 0 0.97 Helligkeit
w 160 192 256 192 0
t 256 192 320 192 0 1 0 0 100
r 320 64 320 112 0 470
162 320 112 320 176 2 default-led 1 1 0 0.01
w 320 208 320 336 0
w 48 336 160 336 0
w 160 336 320 336 0
g 48 336 48 352 0
x 40 280 140 283 4 16 LDR
x 336 200 420 203 4 16 BC547
x 336 148 420 151 4 16 gelbe\sLED
x 48 392 520 395 4 14 Schieb\sden\sRegler\s"Helligkeit"\snach\slinks:\sim\sDunkeln\sgeht\sdie\sLED\san!
