$ 1 0.0005 10.2 50 10 50 5e-11
v 32 320 32 32 0 0 40 9 0 0 0.5
w 32 32 112 32 0
w 112 32 240 32 0
w 240 32 304 32 0
w 240 32 240 64 0
w 304 32 304 128 0
r 112 32 112 128 0 10000
w 112 128 176 128 0
r 112 128 112 192 0 68000
w 112 192 176 192 0
w 112 192 112 224 0
w 112 224 176 224 0
c 112 224 112 320 0 0.00001 0
165 176 96 192 96 6 0
c 240 256 240 320 0 1e-8 0
w 272 256 272 320 0
w 304 160 368 160 0
r 368 160 368 224 0 470
162 368 224 368 320 2 default-led 1 0 0 0.01
w 32 320 112 320 0
w 112 320 240 320 0
w 240 320 272 320 0
w 272 320 368 320 0
g 32 320 32 336 0
x 384 260 440 263 4 14 LED
x 32 376 520 379 4 14 Mach\sden\s68k-Widerstand\sgrößer\s->\slangsameres\sBlinken!
