$ 1 0.000005 10.2 50 10 50 5e-11
v 48 336 48 64 0 0 40 9 0 0 0.5
w 48 64 160 64 0
w 160 64 448 64 0
r 160 64 160 176 0 470000
r 160 176 160 336 0 1000000
w 160 176 208 176 0
w 208 176 240 176 0
s 208 176 208 256 0 1 false
r 208 256 208 336 0 10000
t 240 176 288 176 0 1 0 0 200
w 288 192 288 224 0
t 288 224 336 224 0 1 0 0 200
r 448 64 448 160 0 360
w 288 160 336 160 0
w 336 160 448 160 0
w 336 160 336 208 0
w 336 240 336 336 0
w 48 336 160 336 0
w 160 336 208 336 0
w 208 336 336 336 0
x 60 222 140 225 4 16 {{9-V-Batterie|9 V battery}}
x 172 124 260 127 4 16 R1 470k
x 66 292 150 295 4 16 {{Erde|Soil}} 1 MΩ
x 220 216 330 219 4 16 {{Gießen!|Water it!}}
x 220 300 330 303 4 14 {{nasse Erde|wet soil}} 10k
x 228 150 270 153 4 14 Q1
x 348 252 390 255 4 14 Q2
x 460 116 560 119 4 16 {{Summer BZ1|Buzzer BZ1}}
